    11     1    11 
     1     1     1  1.0000000E+000 
     1     1     2  1.0000000E+000 
     1     1     3  1.0000000E+000 
     1     1     4  2.0000000E+000 
     1     1     5  2.0000000E+000 
     1     1     6  2.0000000E+000 
     1     1     7  1.0000000E+000 
     1     1     8  1.0000000E+000 
     1     1     9  1.0000000E+000 
     1     1    10  1.0000000E+000 
     1     1    11  1.0000000E+000 
     2     1     1  1.0000000E+000 
     2     1     2  1.0000000E+000 
     2     1     3  1.0000000E+000 
     2     1     4  2.0000000E+000 
     2     1     5  2.0000000E+000 
     2     1     6  2.0000000E+000 
     2     1     7  1.0000000E+000 
     2     1     8  1.0000000E+000 
     2     1     9  1.0000000E+000 
     2     1    10  1.0000000E+000 
     2     1    11  1.0000000E+000 
     3     1     1  1.0000000E+000 
     3     1     2  1.0000000E+000 
     3     1     3  1.0000000E+000 
     3     1     4  2.0000000E+000 
     3     1     5  2.0000000E+000 
     3     1     6  2.0000000E+000 
     3     1     7  1.0000000E+000 
     3     1     8  1.0000000E+000 
     3     1     9  1.0000000E+000 
     3     1    10  1.0000000E+000 
     3     1    11  1.0000000E+000 
     4     1     1  1.0000000E+000 
     4     1     2  1.0000000E+000 
     4     1     3  1.0000000E+000 
     4     1     4  2.0000000E+000 
     4     1     5  2.0000000E+000 
     4     1     6  2.0000000E+000 
     4     1     7  1.0000000E+000 
     4     1     8  1.0000000E+000 
     4     1     9  1.0000000E+000 
     4     1    10  1.0000000E+000 
     4     1    11  1.0000000E+000 
     5     1     1  1.0000000E+000 
     5     1     2  1.0000000E+000 
     5     1     3  1.0000000E+000 
     5     1     4  2.0000000E+000 
     5     1     5  2.0000000E+000 
     5     1     6  2.0000000E+000 
     5     1     7  1.0000000E+000 
     5     1     8  1.0000000E+000 
     5     1     9  1.0000000E+000 
     5     1    10  1.0000000E+000 
     5     1    11  1.0000000E+000 
     6     1     1  1.0000000E+000 
     6     1     2  1.0000000E+000 
     6     1     3  1.0000000E+000 
     6     1     4  2.0000000E+000 
     6     1     5  2.0000000E+000 
     6     1     6  2.0000000E+000 
     6     1     7  1.0000000E+000 
     6     1     8  1.0000000E+000 
     6     1     9  1.0000000E+000 
     6     1    10  1.0000000E+000 
     6     1    11  1.0000000E+000 
     7     1     1  1.0000000E+000 
     7     1     2  1.0000000E+000 
     7     1     3  1.0000000E+000 
     7     1     4  2.0000000E+000 
     7     1     5  2.0000000E+000 
     7     1     6  2.0000000E+000 
     7     1     7  1.0000000E+000 
     7     1     8  1.0000000E+000 
     7     1     9  1.0000000E+000 
     7     1    10  1.0000000E+000 
     7     1    11  1.0000000E+000 
     8     1     1  1.0000000E+000 
     8     1     2  1.0000000E+000 
     8     1     3  1.0000000E+000 
     8     1     4  2.0000000E+000 
     8     1     5  2.0000000E+000 
     8     1     6  2.0000000E+000 
     8     1     7  1.0000000E+000 
     8     1     8  1.0000000E+000 
     8     1     9  1.0000000E+000 
     8     1    10  1.0000000E+000 
     8     1    11  1.0000000E+000 
     9     1     1  1.0000000E+000 
     9     1     2  1.0000000E+000 
     9     1     3  1.0000000E+000 
     9     1     4  2.0000000E+000 
     9     1     5  2.0000000E+000 
     9     1     6  2.0000000E+000 
     9     1     7  1.0000000E+000 
     9     1     8  1.0000000E+000 
     9     1     9  1.0000000E+000 
     9     1    10  1.0000000E+000 
     9     1    11  1.0000000E+000 
    10     1     1  1.0000000E+000 
    10     1     2  1.0000000E+000 
    10     1     3  1.0000000E+000 
    10     1     4  2.0000000E+000 
    10     1     5  2.0000000E+000 
    10     1     6  2.0000000E+000 
    10     1     7  1.0000000E+000 
    10     1     8  1.0000000E+000 
    10     1     9  1.0000000E+000 
    10     1    10  1.0000000E+000 
    10     1    11  1.0000000E+000 
    11     1     1  1.0000000E+000 
    11     1     2  1.0000000E+000 
    11     1     3  1.0000000E+000 
    11     1     4  2.0000000E+000 
    11     1     5  2.0000000E+000 
    11     1     6  2.0000000E+000 
    11     1     7  1.0000000E+000 
    11     1     8  1.0000000E+000 
    11     1     9  1.0000000E+000 
    11     1    10  1.0000000E+000 
    11     1    11  1.0000000E+000 
