 elas_tolerance =   2.000000000000000E-004
 start with alpha =    1.00000000000000     
   1  1.5089702E-05  0.0000000E+00
   2  7.6443787E-06  1.5089702E-05
   3  5.4558490E-06  7.6443787E-06
   4  4.8125376E-06  5.4558490E-06
   5  4.6234382E-06  4.8125376E-06
   6  4.5678530E-06  4.6234382E-06
   7  4.5515140E-06  4.5678530E-06
   8  4.5467111E-06  4.5515140E-06
   9  4.5452994E-06  4.5467111E-06
   0  4.5448844E-06  4.5452994E-06
 elas_tolerance =   1.000000000000000E-003
 start with alpha =    1.00000000000000     
   1  1.5089702E-07  0.0000000E+00
   2  7.6443787E-08  1.5089702E-07
   3  5.4558490E-08  7.6443787E-08
   4  4.8125376E-08  5.4558490E-08
   5  4.6234382E-08  4.8125376E-08
   0  4.5678530E-08  4.6234382E-08
 elas_tolerance =   1.000000000000000E-003
 start with alpha =    1.00000000000000     
   1  1.5089702E-07  0.0000000E+00
   2  7.6443787E-08  1.5089702E-07
   3  5.4558490E-08  7.6443787E-08
   4  4.8125376E-08  5.4558490E-08
   5  4.6234382E-08  4.8125376E-08
   0  4.5678530E-08  4.6234382E-08
 elas_tolerance =   1.000000000000000E-003
 start with alpha =    1.00000000000000     
   1  2.2829060E-07  0.0000000E+00
   2  1.7658697E-07  2.2829060E-07
   3  1.6138884E-07  1.7658697E-07
   4  1.5692140E-07  1.6138884E-07
   5  1.5560821E-07  1.5692140E-07
   0  1.5522220E-07  1.5560821E-07
 elas_tolerance =   1.000000000000000E-003
 start with alpha =    1.00000000000000     
   1  1.0044787E-06  0.0000000E+00
   2  7.7698265E-07  1.0044787E-06
   3  7.1011091E-07  7.7698265E-07
   4  6.9045417E-07  7.1011091E-07
   5  6.8467614E-07  6.9045417E-07
   6  6.8297770E-07  6.8467614E-07
   0  6.8247845E-07  6.8297770E-07
 elas_tolerance =   1.000000000000000E-003
 start with alpha =    1.00000000000000     
   1  1.0044787E-06  0.0000000E+00
   2  7.7698265E-07  1.0044787E-06
   3  7.1011091E-07  7.7698265E-07
   4  6.9045417E-07  7.1011091E-07
   5  6.8467614E-07  6.9045417E-07
   6  6.8297770E-07  6.8467614E-07
   0  6.8247845E-07  6.8297770E-07
 elas_tolerance =   1.000000000000000E-003
 start with alpha =    1.00000000000000     
   1  1.7784144E-06  0.0000000E+00
   2  1.7784144E-06  1.7784144E-06
   3  1.7784144E-06  1.7784144E-06
   0  1.7784144E-06  1.7784144E-06
